Accuracy table

+----------+------+---------+----------+----------+----------+-------------+------------------+-----------------+------------------+------------+------+--------+
|          |  0%  | (0, 25] | (25, 50] | (50, 75] | (75, 99] | 100% (Xref) | 100% (Frozenset) | 100% (Database) | 100% (Typesense) | 100% Total | None | Total  |
+----------+------+---------+----------+----------+----------+-------------+------------------+-----------------+------------------+------------+------+--------+
| ClinVar  |  9   |   208   |   261    |   135    |    0     |    8180     |       1229       |        0        |        0         |    9409    |  2   | 10024  |
|  Cosmic  |  19  |   97    |   221    |    47    |    0     |      0      |       326        |        0        |        0         |    326     |  73  |  783   |
| DisGeNet | 368  |  1572   |   1843   |   1755   |    0     |    31416    |      46877       |        0        |        0         |   78293    | 207  | 84038  |
| Diseases |  0   |    0    |    0     |    0     |    0     |      0      |        0         |     178710      |        0         |   178710   |  0   | 178710 |
|   HPO    |  0   |    9    |    17    |    4     |    0     |    9816     |       309        |        0        |        0         |   10125    | 2057 | 12212  |
| HumsaVar |  0   |    3    |    4     |    6     |    0     |    4390     |        33        |        0        |        0         |    4423    |  0   |  4436  |
| Orphanet |  17  |   93    |   132    |    69    |    0     |    4002     |       446        |        0        |        0         |    4448    |  9   |  4768  |
|  Total   | 413  |  1982   |   2478   |   2016   |    0     |    57804    |      49220       |     178710      |        0         |   285734   | 2348 | 294971 |
| Total %  | 0.14 |    1    |    1     |    1     |    0     |     20      |        17        |       61        |        0         |     97     |  1   |  100   |
+----------+------+---------+----------+----------+----------+-------------+------------------+-----------------+------------------+------------+------+--------+

Accuracy percentage table

+----------+-------+---------+----------+----------+----------+-------------+------------------+-----------------+------------------+------------+-------+--------+
|          |  0%   | (0, 25] | (25, 50] | (50, 75] | (75, 99] | 100% (Xref) | 100% (Frozenset) | 100% (Database) | 100% (Typesense) | 100% Total | None  | Total  |
+----------+-------+---------+----------+----------+----------+-------------+------------------+-----------------+------------------+------------+-------+--------+
| ClinVar  | 0.09  |    2    |    3     |    1     |    0     |     82      |        12        |        0        |        0         |     94     | 0.02  | 10024  |
|  Cosmic  |   2   |   12    |    28    |    6     |    0     |      0      |        42        |        0        |        0         |     42     |   9   |  783   |
| DisGeNet | 0.438 |    2    |    2     |    2     |    0     |     37      |        56        |        0        |        0         |     93     | 0.246 | 84038  |
| Diseases |   0   |    0    |    0     |    0     |    0     |      0      |        0         |       100       |        0         |    100     |   0   | 178710 |
|   HPO    |   0   |  0.074  |  0.139   |  0.033   |    0     |     80      |        3         |        0        |        0         |     83     |  17   | 12212  |
| HumsaVar |   0   |  0.068  |   0.09   |  0.135   |    0     |     99      |        1         |        0        |        0         |    100     |   0   |  4436  |
| Orphanet | 0.357 |    2    |    3     |    1     |    0     |     84      |        9         |        0        |        0         |     93     | 0.189 |  4768  |
| Total %  | 0.14  |    1    |    1     |    1     |    0     |     20      |        17        |       61        |        0         |     97     |   1   |  100   |
+----------+-------+---------+----------+----------+----------+-------------+------------------+-----------------+------------------+------------+-------+--------+

Source table

+----------+-------+-------+-------+-------+--------+-------+-----------+-----------+----------+------+--------+
|          | OMIM  | UMLS  | MeSH  | GARD  | MedDRA | ICD10 | Frozenset | Typesense | Database | None | Total  |
+----------+-------+-------+-------+-------+--------+-------+-----------+-----------+----------+------+--------+
| ClinVar  | 5831  | 2349  |   0   |   0   |   0    |   0   |   1229    |    613    |    0     |  2   | 10024  |
|  Cosmic  |   0   |   0   |   0   |   0   |   0    |   0   |    326    |    384    |    0     |  73  |  783   |
| DisGeNet |   0   | 31416 |   0   |   0   |   0    |   0   |   46877   |   5538    |    0     | 207  | 84038  |
| Diseases |   0   |   0   |   0   |   0   |   0    |   0   |     0     |     0     |  178710  |  0   | 178710 |
|   HPO    | 7892  | 1083  |  382  |  365  |   0    |  94   |    309    |    30     |    0     | 2057 | 12212  |
| HumsaVar | 4390  |   0   |   0   |   0   |   0    |   0   |    33     |    13     |    0     |  0   |  4436  |
| Orphanet | 1528  | 1313  |  494  |  488  |   0    |  179  |    446    |    311    |    0     |  9   |  4768  |
|  Total   | 19641 | 36161 |  876  |  853  |   0    |  273  |   49220   |   6889    |  178710  | 2348 | 294971 |
| Total %  |   7   |  12   | 0.297 | 0.289 |   0    | 0.093 |    17     |     2     |    61    |  1   |  100   |
+----------+-------+-------+-------+-------+--------+-------+-----------+-----------+----------+------+--------+

Total number of rows: 294971