Time processing parsing context: 100.37220501899719
Time processing Final annotation file: 1.4066696166992188e-05
Time processing writing final annotatiton file: 0.5609128475189209
Total time: 100.93313193321228
Accuracy table

+----------+-------+---------+----------+----------+----------+-------------+------------------+-----------------+------------------+------------+------+--------+
|          |  0%   | (0, 25] | (25, 50] | (50, 75] | (75, 99] | 100% (Xref) | 100% (Frozenset) | 100% (Database) | 100% (Typesense) | 100% Total | None | Total  |
+----------+-------+---------+----------+----------+----------+-------------+------------------+-----------------+------------------+------------+------+--------+
| ClinVar  |   0   |   191   |   256    |   156    |    0     |    8166     |       1233       |        0        |        0         |    9399    |  24  | 10026  |
|  Cosmic  |   6   |   91    |   188    |    65    |    0     |      0      |       319        |        0        |        0         |    319     | 103  |  772   |
| DisGeNet |   1   |  1756   |   1335   |   2398   |    0     |    31416    |      46882       |        0        |        0         |   78298    | 250  | 84038  |
| Diseases |   0   |    0    |    0     |    0     |    0     |      0      |        0         |     175224      |        0         |   175224   |  0   | 175224 |
|   HPO    |   0   |    5    |    16    |    7     |    0     |    9879     |       302        |        0        |        0         |   10181    | 1375 | 11584  |
| HumsaVar |   0   |    2    |    3     |    6     |    0     |    4340     |        32        |        0        |        0         |    4372    |  0   |  4383  |
| Orphanet |   0   |   34    |    77    |    29    |    0     |    4076     |       444        |        0        |        0         |    4520    |  62  |  4722  |
|  Total   |   7   |  2079   |   1875   |   2661   |    0     |    57877    |      49212       |     175224      |        0         |   282313   | 1814 | 290749 |
| Total %  | 0.002 |    1    |    1     |    1     |    0     |     20      |        17        |       60        |        0         |     97     |  1   |  100   |
+----------+-------+---------+----------+----------+----------+-------------+------------------+-----------------+------------------+------------+------+--------+

Accuracy percentage table

+----------+-------+---------+----------+----------+----------+-------------+------------------+-----------------+------------------+------------+-------+--------+
|          |  0%   | (0, 25] | (25, 50] | (50, 75] | (75, 99] | 100% (Xref) | 100% (Frozenset) | 100% (Database) | 100% (Typesense) | 100% Total | None  | Total  |
+----------+-------+---------+----------+----------+----------+-------------+------------------+-----------------+------------------+------------+-------+--------+
| ClinVar  |   0   |    2    |    3     |    2     |    0     |     81      |        12        |        0        |        0         |     94     | 0.239 | 10026  |
|  Cosmic  |   1   |   12    |    24    |    8     |    0     |      0      |        41        |        0        |        0         |     41     |  13   |  772   |
| DisGeNet | 0.001 |    2    |    2     |    3     |    0     |     37      |        56        |        0        |        0         |     93     | 0.297 | 84038  |
| Diseases |   0   |    0    |    0     |    0     |    0     |      0      |        0         |       100       |        0         |    100     |   0   | 175224 |
|   HPO    |   0   |  0.043  |  0.138   |   0.06   |    0     |     85      |        3         |        0        |        0         |     88     |  12   | 11584  |
| HumsaVar |   0   |  0.046  |  0.068   |  0.137   |    0     |     99      |        1         |        0        |        0         |    100     |   0   |  4383  |
| Orphanet |   0   |    1    |    2     |    1     |    0     |     86      |        9         |        0        |        0         |     96     |   1   |  4722  |
| Total %  | 0.002 |    1    |    1     |    1     |    0     |     20      |        17        |       60        |        0         |     97     |   1   |  100   |
+----------+-------+---------+----------+----------+----------+-------------+------------------+-----------------+------------------+------------+-------+--------+

Source table

+----------+-------+-------+-------+-------+--------+-------+-----------+-----------+----------+------+--------+
|          | OMIM  | UMLS  | MeSH  | GARD  | MedDRA | ICD10 | Frozenset | Typesense | Database | None | Total  |
+----------+-------+-------+-------+-------+--------+-------+-----------+-----------+----------+------+--------+
| ClinVar  | 5818  | 2348  |   0   |   0   |   0    |   0   |   1233    |    603    |    0     |  24  | 10026  |
|  Cosmic  |   0   |   0   |   0   |   0   |   0    |   0   |    319    |    350    |    0     | 103  |  772   |
| DisGeNet |   0   | 31416 |   0   |   0   |   0    |   0   |   46882   |   5490    |    0     | 250  | 84038  |
| Diseases |   0   |   0   |   0   |   0   |   0    |   0   |     0     |     0     |  175224  |  0   | 175224 |
|   HPO    | 7964  | 1080  |  382  |  364  |   0    |  89   |    302    |    28     |    0     | 1375 | 11584  |
| HumsaVar | 4340  |   0   |   0   |   0   |   0    |   0   |    32     |    11     |    0     |  0   |  4383  |
| Orphanet | 1513  | 1311  |  480  |  483  |   0    |  289  |    444    |    140    |    0     |  62  |  4722  |
|  Total   | 19635 | 36155 |  862  |  847  |   0    |  378  |   49212   |   6622    |  175224  | 1814 | 290749 |
| Total %  |   7   |  12   | 0.296 | 0.291 |   0    | 0.13  |    17     |     2     |    60    |  1   |  100   |
+----------+-------+-------+-------+-------+--------+-------+-----------+-----------+----------+------+--------+

Total number of rows: 290749
