Time processing parsing context: 187.25489616394043
Time processing Final annotation file: 2.09808349609375e-05
Time processing writing final annotatiton file: 0.686093807220459
Total time: 187.94101095199585
Accuracy table

+----------+-------+---------+----------+----------+----------+-------------+------------------+-----------------+------------------+------------+------+--------+
|          |  0%   | (0, 25] | (25, 50] | (50, 75] | (75, 99] | 100% (Xref) | 100% (Frozenset) | 100% (Database) | 100% (Typesense) | 100% Total | None | Total  |
+----------+-------+---------+----------+----------+----------+-------------+------------------+-----------------+------------------+------------+------+--------+
| ClinVar  |  10   |   196   |   282    |   136    |    0     |    8166     |       1233       |        0        |        0         |    9399    |  3   | 10026  |
|  Cosmic  |  20   |   97    |   220    |    42    |    0     |      0      |       319        |        0        |        0         |    319     |  74  |  772   |
| DisGeNet |  382  |  1523   |   1815   |   1815   |    0     |    31416    |      46881       |        0        |        0         |   78297    | 206  | 84038  |
| Diseases |   0   |    0    |    0     |    0     |    0     |      0      |        0         |     175224      |        0         |   175224   |  0   | 175224 |
|   HPO    |   0   |    8    |    16    |    6     |    0     |    9879     |       302        |        0        |        0         |   10181    | 1373 | 11584  |
| HumsaVar |   0   |    1    |    5     |    5     |    0     |    4340     |        32        |        0        |        0         |    4372    |  0   |  4383  |
| Orphanet |   0   |   60    |    71    |    48    |    0     |    4076     |       444        |        0        |        0         |    4520    |  23  |  4722  |
|  Total   |  412  |  1885   |   2409   |   2052   |    0     |    57877    |      49211       |     175224      |        0         |   282312   | 1679 | 290749 |
| Total %  | 0.142 |    1    |    1     |    1     |    0     |     20      |        17        |       60        |        0         |     97     |  1   |  100   |
+----------+-------+---------+----------+----------+----------+-------------+------------------+-----------------+------------------+------------+------+--------+

Accuracy percentage table

+----------+-------+---------+----------+----------+----------+-------------+------------------+-----------------+------------------+------------+-------+--------+
|          |  0%   | (0, 25] | (25, 50] | (50, 75] | (75, 99] | 100% (Xref) | 100% (Frozenset) | 100% (Database) | 100% (Typesense) | 100% Total | None  | Total  |
+----------+-------+---------+----------+----------+----------+-------------+------------------+-----------------+------------------+------------+-------+--------+
| ClinVar  |  0.1  |    2    |    3     |    1     |    0     |     81      |        12        |        0        |        0         |     94     | 0.03  | 10026  |
|  Cosmic  |   3   |   13    |    28    |    5     |    0     |      0      |        41        |        0        |        0         |     41     |  10   |  772   |
| DisGeNet | 0.455 |    2    |    2     |    2     |    0     |     37      |        56        |        0        |        0         |     93     | 0.245 | 84038  |
| Diseases |   0   |    0    |    0     |    0     |    0     |      0      |        0         |       100       |        0         |    100     |   0   | 175224 |
|   HPO    |   0   |  0.069  |  0.138   |  0.052   |    0     |     85      |        3         |        0        |        0         |     88     |  12   | 11584  |
| HumsaVar |   0   |  0.023  |  0.114   |  0.114   |    0     |     99      |        1         |        0        |        0         |    100     |   0   |  4383  |
| Orphanet |   0   |    1    |    2     |    1     |    0     |     86      |        9         |        0        |        0         |     96     | 0.487 |  4722  |
| Total %  | 0.142 |    1    |    1     |    1     |    0     |     20      |        17        |       60        |        0         |     97     |   1   |  100   |
+----------+-------+---------+----------+----------+----------+-------------+------------------+-----------------+------------------+------------+-------+--------+

Source table

+----------+-------+-------+-------+-------+--------+-------+-----------+-----------+----------+------+--------+
|          | OMIM  | UMLS  | MeSH  | GARD  | MedDRA | ICD10 | Frozenset | Typesense | Database | None | Total  |
+----------+-------+-------+-------+-------+--------+-------+-----------+-----------+----------+------+--------+
| ClinVar  | 5818  | 2348  |   0   |   0   |   0    |   0   |   1233    |    624    |    0     |  3   | 10026  |
|  Cosmic  |   0   |   0   |   0   |   0   |   0    |   0   |    319    |    379    |    0     |  74  |  772   |
| DisGeNet |   0   | 31416 |   0   |   0   |   0    |   0   |   46881   |   5535    |    0     | 206  | 84038  |
| Diseases |   0   |   0   |   0   |   0   |   0    |   0   |     0     |     0     |  175224  |  0   | 175224 |
|   HPO    | 7964  | 1080  |  382  |  364  |   0    |  89   |    302    |    30     |    0     | 1373 | 11584  |
| HumsaVar | 4340  |   0   |   0   |   0   |   0    |   0   |    32     |    11     |    0     |  0   |  4383  |
| Orphanet | 1513  | 1311  |  480  |  483  |   0    |  289  |    444    |    179    |    0     |  23  |  4722  |
|  Total   | 19635 | 36155 |  862  |  847  |   0    |  378  |   49211   |   6758    |  175224  | 1679 | 290749 |
| Total %  |   7   |  12   | 0.296 | 0.291 |   0    | 0.13  |    17     |     2     |    60    |  1   |  100   |
+----------+-------+-------+-------+-------+--------+-------+-----------+-----------+----------+------+--------+

Total number of rows: 290749
