7855
7855
5087
5087
5802
5802
9292
9292
2748
2748
2033
2033
6957
6957
8282
8282
10340
10340
7343
7343
2922
2922
5993
5993
10934
10934
3824
3824
11918
11918
30
30
7638
7638
4066
3230
3230
7653
7653
4503
4503
6958
6958
12076
12076
7630
7630
3284
3284
3904
3904
5062
5062
5750
5750
6473
6473
4950
4950
6408
6408
9851
9851
5698
5698
7673
7673
6062
6062
10539
10539
9980
9980
873
873
7473
7473
12854
12854
7342
7342
9742
9742
6457
6457
5653
5653
10463
10463
1463
1463
5573
5573
6202
6202
4924
4924
7572
7572
5770
5770
169
169
10416
10416
6660
6660
9789
9789
10878
10878
9430
9430
10906
10906
10212
10212
13101
13101
6800
6800
12398
12398
12353
12353
10010
10010
2599
2599
7190
7190
2579
2579
7488
7488
3902
3902
5926
5926
12397
12397
10153
10153
2546
2546
6039
6039
820
820
7918
7918
221
221
3030
3030
9837
9837
2690
2690
312
312
11925
11925
457
457
6400
6355
6400
6355
2578
2578
3067
3067
6225
6225
9182
9182
7710
7710
5266
5266
3921
3921
774
774
10204
10204
7706
7706
9266
9266
10900
10900
7664
7664
6528
6528
8195
8233
8233
8195
1051
1051
6043
6043
7456
7456
3699
6370
6370
7132
7132
12632
12632
1493
1493
6429
6429
3603
7038
3603
7038
396
396
10680
10680
6454
6454
9699
9699
8468
8468
5723
5723
3329
3329
10730
10730
10056
10056
6583
6583
11927
11927
978
978
5864
5864
8612
8612
5747
5747
9168
9168
10936
10936
10314
10314
9775
9775
7913
7913
8445
8445
5693
5693
3244
3244
9277
9277
10089
10089
5147
5147
12930
12930
2000
2000
12744
6789
12744
6789
6675
6675
943
943
6219
6219
4834
12455
12455
6902
6902
6359
6359
9967
9967
11974
11974
2327
2327
3684
3684
13215
13215
9762
9762
16
16
10902
10902
6787
6787
6865
6865
5743
5743
13409
3845
3845
4769
4769
6549
6549
7654
7654
10671
10671
6319
6319
9297
9297
5785
5785
4637
4637
7548
7548
10592
10592
10362
10362
3319
3319
8721
8721
2005
2005
498
498
183
183
5507
5507
9747
9747
979
979
9383
9383
2082
2082
2378
2378
5736
5736
3976
3976
7103
7103
6123
6123
7430
7430
6121
6121
2917
2917
7379
7379
5
5
13244
13244
10785
10785
10783
11894
11894
6124
6124
3295
3295
393
393
786
786
9688
9688
12365
12365
6588
6588
5913
5913
269
269
6520
6520
12107
6337
6337
1288
1288
9915
9915
4723
4723
7683
7683
4047
4047
3318
3318
6455
6455
5975
5975
331
331
7690
7690
4446
4446
10738
10738
11982
10133
10133
11982
9166
9166
4154
4154
4818
4818
7130
5138
5138
7130
1217
1217
8550
8550
12117
12117
10813
10813
13297
13297
371
371
11983
11983
8211
8211
5906
5906
5980
5980
8198
8198
7888
7888
458
458
7380
7380
505
6559
6559
7368
7368
6682
6682
6961
6961
612
612
1289
1289
10928
10928
1418
1418
7011
7011
983
983
6169
6169
10761
10761
3668
3668
207
207
8686
8686
10037
10037
6167
6167
7056
7056
1862
1862
10291
10291
1850
1850
5442
5442
9814
9814
9369
9369
6550
6550
4684
4684
6329
6329
107
107
3903
3903
10248
10248
705
705
5721
5721
6209
6209
5900
5900
5615
5615
193
4910
4910
7422
7422
2566
2566
7034
7034
614
614
12590
12590
2152
2152
13160
13160
863
863
9599
9599
6059
6059
7097
12893
85
85
10719
10719
6749
6749
8700
8700
7771
7771
6922
6922
2826
2826
4628
4628
6035
6035
2878
2878
11009
11009
9827
9827
3568
6621
1578
3568
1578
6621
3196
3196
5755
5755
6968
6968
621
621
7704
7704
9999
9999
2551
2551
10436
10436
4835
304
304
1908
1908
809
809
10353
10353
10335
10335
2952
2952
4160
4160
10486
10486
10432
10432
9286
9286
9581
12426
12426
9581
6003
6003
10491
3884
7730
7730
10294
10294
6681
6681
12844
12844
10647
10647
5978
5978
5732
5732
8701
8701
9281
9281
3212
3212
3936
3936
10753
10753
3048
3048
9588
9588
2553
2553
3335
3335
3065
3065
9546
9546
8391
8391
7029
7029
10718
7880
10718
7880
132
132
13349
13349
5775
5775
12162
5839
5839
11003
11003
7269
7269
7721
7721
10316
10316
10818
10818
7163
7163
6867
9226
9226
11908
11908
9304
5924
9304
5924
3017
3017
6038
6038
10500
10500
9571
9571
6814
6814
10503
6357
6357
9941
9941
8730
8730
12684
12684
8480
8480
2155
12598
2155
12598
7887
7887
10954
10954
8757
8757
8436
8436
12653
12653
1534
1534
10371
10371
10501
10501
7051
7051
2078
2078
80
80
9541
9541
372
372
8378
8378
7687
12501
12501
9518
9518
12671
12671
9849
9849
13177
13177
1487
1487
6866
6866
1044
1044
12433
12433
9585
9585
12632
12502
12502
8705
8705
12357
12357
7264
7264
12162
6217
6217
6060
6049
6049
6060
10307
10307
758
758
735
735
310
310
4974
4974
413
413
6987
6987
6242
6242
10142
10142
10268
10268
7578
7578
5950
5950
12299
12299
4979
4979
5595
5595
8231
8231
9453
9453
7296
7296
13639
13639
9744
9744
2336
2336
5857
5857
872
872
6816
6816
3
3
9451
9451
7853
7853
7116
7116
12916
12916
2339
2339
6015
6830
6830
9158
9158
7304
7304
5216
5216
6594
6594
12757
12757
418
418
784
784
7922
7922
7788
7788
9118
9118
12027
12027
10014
10014
6542
6542
9528
9528
62
62
3560
3560
10766
10766
6019
6019
7479
7479
8344
8344
2428
2428
8414
8414
625
625
10312
343
343
10312
7058
7058
3224
3224
3872
3872
10709
10709
9457
9457
2627
2627
262
262
12219
12219
5751
5751
4521
4521
6737
6737
12291
12291
6237
6237
8735
8735
7897
7897
9551
9551
3559
3559
6218
6218
6556
6556
10769
10769
2317
2317
10710
8341
10710
8341
6485
6485
6390
6390
5575
10502
5575
7284
7284
4732
4732
7889
7889
12983
12983
1224
1224
5682
5682
933
933
4158
1567
1567
9715
9715
12033
12033
8639
8639
6404
6404
1091
1091
10632
10632
12347
12347
10897
10897
6040
6040
6389
6389
10930
10930
13316
13316
7140
7140
5852
5852
12556
12556
10977
10977
10668
10668
5539
5539
8254
8254
9997
9997
7843
7843
4982
4982
384
384
4923
4923
496
496
10812
10812
9729
9729
6546
6546
10616
10616
7401
7401
6
6
7182
7182
6213
4157
4157
5742
5742
1875
1875
2139
10322
2139
6104
6104
8713
8713
8699
8699
6291
6291
7510
7510
5688
5688
10547
10547
743
743
4183
4183
10956
10956
411
411
10169
10169
87
5066
87
5066
5854
5854
7552
7552
2491
2491
7433
7433
4742
4742
10027
10027
12664
12664
6263
6263
9587
9587
7220
12561
12561
5034
5034
6381
6381
9519
823
823
10628
10628
1055
2640
2640
6026
6026
4702
4702
5910
5910
6426
6426
9746
9746
12312
12312
5630
5630
4391
4391
5618
5618
8234
8234
10767
10767
2847
2847
9162
9162
7563
7563
10148
10148
5701
5701
13
13
2714
2714
8756
8756
5274
5274
10206
10206
7585
7585
13587
13587
2638
2638
5668
5668
9597
9597
5493
5722
5722
7072
7072
12344
12344
1899
1899
3108
3108
10252
10252
6595
9532
6595
9532
120
120
3242
3242
3268
3268
5488
5488
1100
1100
656
656
10999
10999
10446
10446
12510
12510
6458
6458
9237
9237
370
370
7799
7799
4235
4235
524
524
10762
10762
9474
9474
1119
8694
1119
8694
6734
6734
83
83
348
348
1420
1420
8542
8542
986
986
7295
7295
8158
8158
9806
9806
6797
6797
49
49
7008
7008
3343
3343
936
936
4156
4156
9146
9146
5724
2015
5724
2015
3884
11913
11913
6421
6421
2410
2410
7170
7170
7015
7015
7355
7355
390
390
12085
12085
5905
5905
10921
7413
10921
7413
538
538
8702
8702
7867
7867
10423
10423
3136
8310
8310
12843
12843
10460
12425
12425
1245
1245
7607
7607
7617
7617
12210
12210
5243
5243
5654
5654
5279
5279
7039
7039
8431
8431
6462
6462
5694
5694
6818
6818
4222
4222
1118
1118
13644
13644
821
821
11998
11998
6666
6666
12643
12643
193
12686
12686
2835
2835
12559
12559
8172
8172
336
336
93
93
6516
6516
6377
6377
5121
5121
504
504
871
871
9981
9981
10430
10430
8503
8503
6913
6913
7860
7860
13221
13221
1433
1433
9953
5836
5836
6030
6030
9841
9841
7772
7772
4998
4998
7692
7692
7005
7005
9936
9995
9995
10729
10729
6331
6331
9283
9283
10249
10249
2400
2400
10000
10000
5052
5052
7286
7286
10974
10974
5622
5622
942
942
436
436
6986
6986
1142
1142
12635
12635
6855
6855
11962
11962
4001
4001
4936
4936
12416
12416
10503
12472
12472
10985
10985
9873
9873
3373
3373
7794
7794
9298
9298
2197
2197
5683
5683
6464
6464
5783
5783
3324
3324
770
770
7712
7712
8719
8719
7629
7629
9618
9618
10633
10633
1440
1440
0004195
914
914
5084
5084
8604
8604
10995
10995
12889
12889
4382
4382
2322
2322
2121
6336
2121
6336
7593
7593
602
602
9953
6618
6618
13200
12409
12409
7179
7179
8562
8562
10474
10474
6558
6558
7731
7731
7515
7515
10782
10782
3010
3010
507
3066
3066
3100
3100
10469
10469
10109
10109
917
917
12403
12403
5909
5909
5972
5972
234
234
13296
13296
9730
9730
456
456
7837
7837
6985
6985
3645
3645
5528
5528
7831
2540
7831
2540
6860
6860
12412
12412
12185
6619
12185
9494
9494
6619
13181
13181
583
12651
12651
6984
6984
12721
12721
6460
6460
3705
3705
990
990
182
6316
6316
7899
7899
8182
8182
7883
7883
399
399
7628
7628
5834
5834
13643
13643
7064
7064
9683
9683
6683
6683
10891
10891
12328
12328
624
624
7329
7329
5739
5739
13032
5617
5617
9740
9740
3436
3436
10593
10593
6422
6422
8226
8226
10280
10280
1142
5576
5576
10057
10057
5144
5144
494
5699
494
5699
10420
10420
9807
9807
4475
4475
10987
10987
6468
6468
4922
4922
7385
7385
109
109
4606
4606
1218
1218
9976
9976
9470
6226
6226
6781
6781
2816
2816
10285
10285
3287
3287
6895
6895
9177
9177
12911
12911
6465
6465
3972
3972
7252
7252
1237
1237
2619
2619
9306
9306
10326
10326
10039
10039
10041
10041
12017
12017
9148
9148
819
819
6564
9802
9802
6564
8651
8651
8661
8661
3953
3953
223
223
10720
10720
11899
11899
7354
7354
7207
7207
7917
779
779
7917
6267
6267
5700
5700
4527
4527
7914
7914
12138
12138
10573
8653
8653
7383
7383
7636
7636
95
95
10162
10162
5897
5897
1068
4528
4528
10226
10226
7737
7737
6317
6317
12385
12385
4265
4265
7417
7467
7467
7417
10619
10619
9644
9644
3128
3128
5597
5597
5748
5748
8309
8309
4863
4863
8615
8615
4953
4953
10955
10955
7178
7178
3089
3089
10747
10747
6798
8235
8235
552
552
10605
10605
10642
10642
2431
2431
8498
8498
9181
9181
9531
9919
9919
118
118
9948
9948
9905
9905
2375
2375
1912
1912
640
640
10806
10806
6507
6507
460
460
7756
7756
9573
9573
1123
1123
6047
6047
29
29
4062
4062
10983
10983
6213
1219
1219
4386
4386
3908
3908
10209
10209
7033
7033
13004
13004
4971
4971
7759
7759
12703
12703
6733
6733
10824
10824
6752
6752
2163
4010
2163
4010
5659
5659
7210
7210
7065
7065
8433
8433
4552
4552
10817
10817
1084
1084
826
826
10025
10025
12474
12474
7468
7468
10437
10437
10499
10499
13621
13621
10635
10635
1443
1443
9572
9572
4777
4777
777
777
8435
8435
5932
5932
7411
7411
4695
4695
10764
10764
7352
7352
4454
4454
4018
4018
7224
7224
2818
2818
10016
10016
6479
6479
9159
9159
7733
7733
13391
13391
10648
10648
2198
2198
8371
8371
9499
9499
9364
9364
12901
12901
6808
6808
9643
9643
10916
10916
13334
13334
6475
6475
2751
459
459
13592
13592
3655
3655
387
387
9442
9948
957
8731
8731
9390
9390
10211
10211
10572
10572
7320
7320
12749
12749
9839
9839
9204
9312
9312
10238
10238
448
448
1019
1019
6769
6769
10254
10254
363
363
9495
9495
6932
6932
6514
6514
10815
10815
9934
9934
9931
9931
2562
2562
4997
4997
13103
5885
5885
1303
1303
9603
9603
12601
12601
7048
7048
2883
2883
7251
7251
6322
6322
8695
8695
3571
3571
5695
5695
10091
10091
8432
8432
6290
7725
6290
7725
10145
7604
10145
7604
10421
10421
10737
10737
8539
8539
4158
7412
7412
4480
4480
12978
12978
9836
9836
525
525
9470
9912
9912
5592
5592
2542
2542
8466
9838
8466
9838
5856
5856
6141
6141
7885
7885
7872
4075
4075
0010563
0010563
13708
13708
7074
7074
3876
3876
2684
2684
10417
10417
10722
10722
12867
12867
9616
9616
4954
4954
6519
6519
5691
5691
2621
2621
12777
12777
6635
6635
5818
5818
10094
10094
8621
7236
8621
7236
1017
1017
8419
8419
10905
10905
7674
12010
12010
9569
9569
8345
8345
7325
7325
6796
6796
8472
8472
9793
9793
10453
10453
1996
1996
6824
6824
1818
1818
6102
6102
1518
857
1518
857
6265
6265
8176
8176
7327
7327
7711
7711
9226
1685
1685
5287
5287
5745
5745
8422
8422
7360
7360
9544
9544
6447
6447
7148
9420
9420
10210
10210
7285
7285
7239
6275
7239
6275
465
465
5870
5870
683
683
9804
9804
9790
9790
2882
2882
10361
10361
2520
2520
1120
1120
2721
2721
2781
2781
3369
3369
7570
7570
5003
5003
8616
2180
2180
8616
7185
7185
7073
7073
5871
5871
10262
10262
7425
7425
10092
10092
12313
12313
375
375
9882
9882
1613
1613
9781
7396
7396
9164
9164
7805
7805
1602
1602
3102
3102
2877
2877
10203
10203
9554
9554
1626
1626
10770
10770
526
9832
9832
8528
8528
13199
13199
8206
8206
9449
9449
4331
3045
3045
4331
3875
3044
3875
3044
10502
6258
6258
8732
8732
6995
6995
8535
8535
7459
7459
10264
10264
7337
7337
6882
6882
10988
10988
6862
6862
7366
7366
10072
10072
9348
9348
7381
7381
6227
6227
13638
13638
4984
4984
307
307
5696
5696
4106
4106
10207
10207
10913
10913
5963
5963
9657
3007
3007
2790
2790
12474
6661
6661
701
701
1620
1620
5372
5372
6122
6122
100024
100024
555
555
13381
13381
7121
7121
10296
10296
4439
4439
3084
3084
6841
6841
6254
6254
4614
4614
10255
10255
7305
7305
10334
5813
5813
10756
10756
10981
10981
6445
6445
9815
9815
6274
6274
10047
10047
7779
7779
13200
9138
9138
12800
12800
10099
10099
4634
4634
4410
4410
10650
10650
2806
2806
4701
4701
9659
9659
9971
9971
8547
8547
12719
12719
8406
8406
8672
8672
9190
9190
7191
7191
7894
7894
822
822
9512
9512
6286
6286
7645
7645
9255
9255
4380
4380
4539
4539
10481
2159
10481
2159
5089
5089
7392
7392
10497
10497
6260
6260
7108
7108
6064
6064
13336
13336
5976
5976
1550
1550
4775
4775
9826
9826
8585
8585
10944
10944
8244
8244
4870
4870
9591
9591
12645
12645
9531
9829
9829
6034
6034
7402
7402
6463
6463
916
916
9779
9511
9511
2478
2478
7137
7137
9444
9444
10351
10351
10937
10937
4219
4219
3283
3283
9331
9920
9920
2966
2966
7851
7851
5023
5023
12199
12199
8295
8295
155
155
6200
6200
12698
12698
9737
9737
7079
7079
7061
7237
7061
7237
9582
9582
5058
5058
5915
5915
10533
10533
9932
9932
5493
6739
6739
6002
6002
2001
2001
7881
7881
13409
2872
2872
2321
2321
6425
6425
10095
10095
12401
12401
8424
8424
3956
3956
4462
4462
6658
6658
4484
4484
4900
4900
2150
2150
72
72
6061
3986
3986
6118
6118
386
386
10232
10232
9522
9522
5120
5120
6874
6874
12949
12949
9456
9456
9706
9706
4926
4926
6919
6919
955
955
11897
5887
5887
11897
7318
7318
3094
3094
10520
10520
7146
7146
76
76
8225
8225
10297
10297
10434
10434
6670
6670
12521
1415
1415
6444
6444
5774
5774
5843
5843
6082
6082
3981
3981
4151
8742
8742
6877
6877
6140
6140
10708
10708
5555
12502
8521
8521
3912
3912
963
963
5100
5100
12155
12155
6428
6428
1500
1500
5623
5623
4987
4987
1039
1039
6055
6004
6004
6055
9913
9913
10246
10246
1
1
6569
6569
10083
10083
8407
8407
13193
10804
10804
8761
8761
10028
10028
8194
8194
3577
3577
6345
6345
3829
3829
5258
5258
12348
10422
12348
10422
7854
7854
7803
7803
9948
7387
7387
3406
3406
1410
1410
332
332
9156
9156
6295
6295
13298
13298
7606
7606
10214
10214
7475
7475
9828
9828
360
360
7158
7158
5521
5521
3738
3738
5979
5979
10498
10498
5725
5725
10802
10802
8577
8577
5761
5761
10496
10496
10996
10996
1917
1917
6372
6372
8410
8410
6014
6014
6589
6589
12431
12431
2424
2424
7263
7263
802
802
8216
8216
7162
7162
6810
6810
10251
10251
3693
3693
1223
1223
6493
6493
4993
4993
10130
10130
4877
4877
10939
10939
5803
5803
10731
10731
9452
9452
4771
4771
5661
5661
10670
10670
6560
6560
6614
6614
4392
4392
5860
5860
7893
7893
302
302
1903
1903
12669
12669
558
558
7471
7471
20
20
11973
11973
10360
10360
10751
10751
6313
6313
9124
9124
7792
7792
1998
1998
69
69
5648
5648
6100
6100
6964
6964
10295
10295
2430
2430
6427
6427
19
19
4107
4107
7328
7328
10175
10175
7166
7166
11926
11926
6815
6815
5478
5478
2594
2594
3243
3243
7672
7672
9368
5714
9368
5714
9921
9921
3896
3896
383
383
10903
10903
7219
7219
3588
3588
2469
2469
12600
12600
159
159
10374
10374
10460
9808
9808
9373
9373
5522
5522
3818
3818
6637
6637
8394
8394
6289
6289
12375
12375
9589
9589
7862
7862
8660
8660
8749
8749
7231
7231
10739
10739
10191
10191
6992
6992
6791
6791
2356
2356
8204
8204
9622
6907
6907
5041
5041
9622
12241
12241
1529
1529
10705
13388
13388
3307
3307
787
787
12107
7378
7378
7784
7784
2730
2730
5878
5878
22
22
5974
5974
8720
8720
2469
894
894
7122
7122
1827
1827
12430
12430
2092
2092
6206
6206
11906
11906
10435
10435
9830
9830
7674
7674
8380
8380
5456
5456
9586
9586
5053
5053
4085
4085
5088
5088
667
667
9210
9210
1452
1452
6236
6236
10752
6825
6825
10752
6969
6969
652
652
13034
13034
9564
9564
10727
10727
4039
4039
9360
9360
7177
7177
9212
9212
10784
10784
5782
5782
12393
12393
10788
10788
376
376
7708
7708
9433
9433
2002
2002
9679
9679
6880
6880
5877
5877
9334
9334
508
508
10587
10587
804
804
10181
10181
10451
10451
6591
6591
6191
6191
267
267
8711
8711
4271
65
65
6011
6011
13294
13294
10366
10366
13040
13040
6318
6318
2238
2238
9580
9580
9609
9609
8618
8618
849
849
7220
2422
7220
2422
6677
6677
5443
5443
10771
10771
7783
7783
10448
10448
6639
6639
7350
7350
9161
9161
2056
2056
6777
6777
6616
10147
10147
12763
12763
9269
9269
12396
12396
5824
5824
4016
1521
4016
1521
10346
10346
10821
10821
6383
6383
7906
7906
4540
4540
5690
5690
206
206
6939
6939
11902
11902
9279
9279
3382
3382
7206
7206
6817
6817
2237
2237
8276
8276
8609
8609
9874
9874
5964
5964
101
8457
8457
101
7649
7649
4596
82
82
4596
9922
9922
13235
13235
2081
2081
7525
7525
8444
8444
7339
7339
7160
7160
8173
7431
8173
7431
8598
8598
6610
6610
7848
7848
1194
1194
4017
4017
9300
9300
10828
10828
2167
2167
9570
9570
6724
6724
9833
9833
1465
1467
1465
1467
848
848
6061
12632
12591
12591
7898
7898
1839
1839
7397
7397
9482
9795
9795
7878
5545
7878
5545
7377
7377
10649
10649
8625
8625
12234
12234
7896
7896
9831
9831
467
467
10840
10840
2828
2828
693
693
7910
7910
4210
4210
7777
12394
12394
5523
5523
7193
7193
7777
9728
9728
5614
5614
10975
10975
6522
6522
10958
10958
6626
6626
13354
8502
8502
13354
8557
8557
10879
10879
6384
6384
7513
4620
7513
4620
7444
7444
10167
6025
6025
3434
3434
6105
6105
8214
8214
8167
8167
2641
2641
3223
3223
6844
6844
7627
7627
9649
9649
9758
9758
10640
10640
4991
4991
6042
6042
7598
7598
7842
7842
5728
5728
6886
6886
5764
5764
9961
9961
5786
5786
3992
3992
115
115
3350
9719
3350
9719
10494
10494
4508
4508
5890
5890
9200
9200
12073
12073
6842
6842
2449
2449
4038
4038
5643
5643
5613
5613
5808
5808
4561
4561
3863
3863
3286
3286
9928
9928
1210
4214
4214
3227
3227
12435
12435
333
333
8355
8355
7611
7611
9929
9929
550
550
10872
10872
3178
3178
12803
12803
8698
8698
1301
1301
6036
6036
250
250
6164
6164
7824
7824
13114
13114
8696
8696
6881
6881
10704
9970
9970
10704
9330
9330
11943
11943
12391
12391
12232
12232
13584
13584
9228
9228
12967
12967
1049
1049
2969
2969
9256
9256
3013
3013
9565
9565
7594
7594
10624
10624
1481
1481
158
158
10050
10050
10558
10558
7647
7647
10167
9525
9525
10653
10653
8232
8522
8522
8232
231
231
4412
4412
9192
9192
12372
12372
8549
8549
5816
5816
220
220
7389
7389
5692
5692
2751
12390
12390
7095
7095
5830
5830
7746
7746
9493
9493
6870
6870
12440
12440
10758
10758
9834
9834
5791
5791
4524
4524
9443
9443
9657
3126
3126
1855
1855
9996
9996
9676
9676
4483
4483
7700
7700
575
575
11981
11981
6339
6339
3924
3924
4883
4883
7781
9545
9545
5749
5749
6975
6975
12
12
6829
6829
5939
497
497
195
195
8367
8367
10120
182
10120
273
273
1072
1072
8614
8614
13259
13259
6554
6554
9696
4952
9696
4952
4457
4457
6665
6665
9687
9687
10529
10529
6517
6517
10365
10365
9145
9145
10247
10247
3692
3692
2657
2657
9239
9239
10457
10457
116
116
2804
2804
3427
3427
546
10666
546
10666
7830
7830
288
288
6798
12174
12174
12765
12765
84
84
7419
7419
2245
2245
9520
9520
8631
8631
12560
12560
8603
8603
4470
4470
3285
3285
6234
6234
9973
9973
7323
7323
8568
8568
10472
10472
12335
12335
2035
2035
7
7
7097
12835
12835
12931
9558
9558
11
11
10358
6125
10358
6125
13090
13090
944
944
1571
1571
184
184
6027
6027
10629
10629
5440
5440
9650
9650
4155
4155
6835
6835
7504
7504
5140
5140
6476
6476
9884
9884
4142
4142
10253
10253
10018
10018
8197
8197
6821
6821
8257
8257
6795
8477
8477
6145
6145
522
522
10106
994
10106
994
9385
9385
2998
6052
2998
6052
6135
6135
10452
10452
10705
3631
10705
3631
9328
9328
5148
5148
12656
12656
2392
2392
7195
7195
8370
8370
10790
10790
13198
13198
6956
6956
9595
9595
433
433
9296
9296
9842
9842
6802
6802
5810
5810
7161
7161
7514
7514
12405
12405
10299
10299
5579
5579
2836
2836
3697
3697
604
604
967
967
13264
13264
1067
9536
9536
7043
7043
1220
1220
4344
4344
9748
9748
12411
12411
4357
4357
12301
12301
3892
3892
2787
2787
10406
10406
3047
3047
9794
9794
634
634
8629
8629
4658
4658
13676
13676
2134
1130
2134
1130
181
181
8627
4647
4647
8627
2819
5740
2819
5740
12892
12892
10152
10152
1030
1030
7516
7516
2871
2871
8754
8754
6126
6126
10651
10651
1999
1999
5984
5984
4611
4611
9397
9397
6729
5557
6729
5557
7123
7123
7836
6467
7836
6467
13103
7833
7833
12550
12550
8229
8229
9600
9600
6369
6369
9371
9371
2293
2293
10433
10433
54
54
10656
10656
1421
1421
94
94
3228
3228
4071
4071
7610
7610
8
8
3445
3445
10941
10941
4271
7827
7827
5973
5973
9959
9959
5081
5081
4919
4919
3006
3006
10179
10179
9673
9673
10029
10029
5931
5931
10591
10591
10093
10093
10205
10205
7010
7010
9634
9634
5025
5025
9349
9349
5966
5966
4434
4434
10574
10574
7633
7633
5893
5893
73
73
2538
2538
4992
4992
1319
1319
12469
12469
322
322
5838
5838
3785
3785
7904
7904
12718
12718
8192
8192
6233
6233
10208
10208
4264
4264
6643
6643
1280
1280
9653
9653
5855
5855
5525
5525
8157
8157
5793
5793
6229
10411
10411
9590
9590
5667
5667
7722
7722
9482
6540
6540
4153
7157
4153
12413
12413
7157
5392
5392
5862
5862
10638
10638
13105
13105
9978
9978
6859
6859
5881
5881
9574
9574
9670
9670
10197
10197
6340
6340
10875
10875
5784
5784
12723
12723
4372
4372
4166
4166
8238
8238
10643
10643
7872
Time processing parsing context: 54.62483835220337
Time processing Final annotation file: 6.9141387939453125e-06
Time processing writing final annotatiton file: 0.019396066665649414
Total time: 54.64424133300781
Accuracy table

+---------+----+---------+----------+----------+----------+-------------+------------------+-----------------+------------------+------------+------+-------+
|         | 0% | (0, 25] | (25, 50] | (50, 75] | (75, 99] | 100% (Xref) | 100% (Frozenset) | 100% (Database) | 100% (Typesense) | 100% Total | None | Total |
+---------+----+---------+----------+----------+----------+-------------+------------------+-----------------+------------------+------------+------+-------+
|   HPO   | 0  |    5    |    16    |    7     |    0     |    9296     |       302        |        0        |        0         |    9598    | 1375 | 11001 |
|  Total  | 0  |    5    |    16    |    7     |    0     |    9296     |       302        |        0        |        0         |    9598    | 1375 | 11001 |
| Total % | 0  |  0.045  |  0.145   |  0.064   |    0     |     85      |        3         |        0        |        0         |     87     |  12  |  100  |
+---------+----+---------+----------+----------+----------+-------------+------------------+-----------------+------------------+------------+------+-------+

Accuracy percentage table

+---------+----+---------+----------+----------+----------+-------------+------------------+-----------------+------------------+------------+------+-------+
|         | 0% | (0, 25] | (25, 50] | (50, 75] | (75, 99] | 100% (Xref) | 100% (Frozenset) | 100% (Database) | 100% (Typesense) | 100% Total | None | Total |
+---------+----+---------+----------+----------+----------+-------------+------------------+-----------------+------------------+------------+------+-------+
|   HPO   | 0  |  0.045  |  0.145   |  0.064   |    0     |     85      |        3         |        0        |        0         |     87     |  12  | 11001 |
| Total % | 0  |  0.045  |  0.145   |  0.064   |    0     |     85      |        3         |        0        |        0         |     87     |  12  |  100  |
+---------+----+---------+----------+----------+----------+-------------+------------------+-----------------+------------------+------------+------+-------+

Source table

+---------+------+------+------+------+--------+-------+-----------+-----------+----------+------+-------+
|         | OMIM | UMLS | MeSH | GARD | MedDRA | ICD10 | Frozenset | Typesense | Database | None | Total |
+---------+------+------+------+------+--------+-------+-----------+-----------+----------+------+-------+
|   HPO   | 7382 | 1080 | 382  | 365  |   0    |  87   |    302    |    28     |    0     | 1375 | 11001 |
|  Total  | 7382 | 1080 | 382  | 365  |   0    |  87   |    302    |    28     |    0     | 1375 | 11001 |
| Total % |  67  |  10  |  3   |  3   |   0    |   1   |     3     |   0.255   |    0     |  12  |  100  |
+---------+------+------+------+------+--------+-------+-----------+-----------+----------+------+-------+

Total number of rows: 11001
